{
  "cells": [
    {
      "cell_type": "code",
      "execution_count": 68,
      "metadata": {
        "id": "M6YWGMUXSQSI"
      },
      "outputs": [],
      "source": [
        "import time\n",
        "import numpy as np\n",
        "import pandas as pd\n",
        "import matplotlib.pyplot as plt\n",
        "from sklearn import datasets\n",
        "from sklearn import svm\n",
        "from sklearn.model_selection import train_test_split, cross_val_score\n",
        "from sklearn.preprocessing import StandardScaler\n",
        "from sklearn.svm import SVR\n",
        "from sklearn.metrics import mean_squared_error\n",
        "from sklearn.datasets import make_regression\n",
        "from sklearn.linear_model import LinearRegression\n",
        "from sklearn.datasets import make_classification\n",
        "from sklearn.feature_selection import RFE\n",
        "from sklearn.model_selection import cross_val_score\n",
        "from sklearn.ensemble import RandomForestRegressor\n",
        "from itertools import combinations\n",
        "import seaborn as sns\n",
        "import csv\n",
        "from numpy import mean\n",
        "from numpy import std\n",
        "from sklearn.model_selection import RepeatedKFold\n",
        "from sklearn.feature_selection import RFECV\n",
        "from sklearn.pipeline import Pipeline\n",
        "from sklearn.datasets import load_diabetes\n",
        "from sklearn.decomposition import PCA\n",
        "from sklearn.linear_model import LinearRegression\n",
        "from sklearn.metrics import mean_absolute_error\n",
        "from sklearn.preprocessing import StandardScaler\n",
        "from scipy.spatial.distance import pdist, squareform"
      ]
    },
    {
      "cell_type": "code",
      "execution_count": 69,
      "metadata": {
        "colab": {
          "base_uri": "https://localhost:8080/"
        },
        "id": "ymbgRU11SVrc",
        "outputId": "88afbb79-2192-4ea0-f0e3-99b7ad6a7a52"
      },
      "outputs": [
        {
          "name": "stdout",
          "output_type": "stream",
          "text": [
            "              u_q    coolant  stator_winding       u_d  stator_tooth  \\\n",
            "0       -0.450682  18.805172       19.086670 -0.350055     18.293219   \n",
            "1       -0.325737  18.818571       19.092390 -0.305803     18.294807   \n",
            "2       -0.440864  18.828770       19.089380 -0.372503     18.294094   \n",
            "3       -0.327026  18.835567       19.083031 -0.316199     18.292542   \n",
            "4       -0.471150  18.857033       19.082525 -0.332272     18.291428   \n",
            "...           ...        ...             ...       ...           ...   \n",
            "1330811 -2.152128  30.721298       45.274497  0.791801     41.934347   \n",
            "1330812 -2.258684  30.721306       45.239017  0.778900     41.868923   \n",
            "1330813 -2.130312  30.721312       45.211576  0.804914     41.804819   \n",
            "1330814 -2.268498  30.721316       45.193508  0.763091     41.762220   \n",
            "1330815 -2.100158  30.721319       45.132307  0.807309     41.734763   \n",
            "\n",
            "         motor_speed       i_d       i_q         pm  stator_yoke    ambient  \\\n",
            "0           0.002866  0.004419  0.000328  24.554214    18.316547  19.850691   \n",
            "1           0.000257  0.000606 -0.000785  24.538078    18.314955  19.850672   \n",
            "2           0.002355  0.001290  0.000386  24.544693    18.326307  19.850657   \n",
            "3           0.006105  0.000026  0.002046  24.554018    18.330833  19.850647   \n",
            "4           0.003133 -0.064317  0.037184  24.565397    18.326662  19.850639   \n",
            "...              ...       ...       ...        ...          ...        ...   \n",
            "1330811     0.000380 -2.000169  1.097528  62.147780    38.653720  23.989078   \n",
            "1330812     0.002985 -2.000499  1.097569  62.142646    38.656328  23.970700   \n",
            "1330813     0.002301 -1.999268  1.098765  62.138387    38.650923  23.977234   \n",
            "1330814     0.005662 -2.000999  1.095696  62.133422    38.655686  24.001421   \n",
            "1330815     0.004395 -2.000792  1.096487  62.131429    38.660370  24.027522   \n",
            "\n",
            "               torque  \n",
            "0        1.871008e-01  \n",
            "1        2.454175e-01  \n",
            "2        1.766153e-01  \n",
            "3        2.383027e-01  \n",
            "4        2.081967e-01  \n",
            "...               ...  \n",
            "1330811 -8.116730e-60  \n",
            "1330812 -5.815891e-60  \n",
            "1330813 -4.167268e-60  \n",
            "1330814 -2.985978e-60  \n",
            "1330815 -2.139547e-60  \n",
            "\n",
            "[1330816 rows x 12 columns]\n"
          ]
        }
      ],
      "source": [
        "file_path_1 = 'measures_v2.csv'\n",
        "raw_dataset_1 = pd.read_csv(file_path_1, na_values='?', comment='\\t', sep=',', skipinitialspace=True)\n",
        "df = raw_dataset_1.copy()\n",
        "df = df.drop('profile_id', axis=1)\n",
        "print(df)"
      ]
    },
    {
      "cell_type": "code",
      "execution_count": 70,
      "metadata": {
        "colab": {
          "base_uri": "https://localhost:8080/"
        },
        "id": "57wvvU1lSs2G",
        "outputId": "2c53a023-35ec-46d3-92df-abd385a0dc92"
      },
      "outputs": [
        {
          "name": "stdout",
          "output_type": "stream",
          "text": [
            "u_q               float64\n",
            "coolant           float64\n",
            "stator_winding    float64\n",
            "u_d               float64\n",
            "stator_tooth      float64\n",
            "motor_speed       float64\n",
            "i_d               float64\n",
            "i_q               float64\n",
            "pm                float64\n",
            "stator_yoke       float64\n",
            "ambient           float64\n",
            "torque            float64\n",
            "dtype: object\n",
            "<class 'pandas.core.frame.DataFrame'>\n",
            "RangeIndex: 1330816 entries, 0 to 1330815\n",
            "Data columns (total 12 columns):\n",
            " #   Column          Non-Null Count    Dtype  \n",
            "---  ------          --------------    -----  \n",
            " 0   u_q             1330816 non-null  float64\n",
            " 1   coolant         1330816 non-null  float64\n",
            " 2   stator_winding  1330816 non-null  float64\n",
            " 3   u_d             1330816 non-null  float64\n",
            " 4   stator_tooth    1330816 non-null  float64\n",
            " 5   motor_speed     1330816 non-null  float64\n",
            " 6   i_d             1330816 non-null  float64\n",
            " 7   i_q             1330816 non-null  float64\n",
            " 8   pm              1330816 non-null  float64\n",
            " 9   stator_yoke     1330816 non-null  float64\n",
            " 10  ambient         1330816 non-null  float64\n",
            " 11  torque          1330816 non-null  float64\n",
            "dtypes: float64(12)\n",
            "memory usage: 121.8 MB\n",
            "None\n",
            "u_q               0.0\n",
            "coolant           0.0\n",
            "stator_winding    0.0\n",
            "u_d               0.0\n",
            "stator_tooth      0.0\n",
            "motor_speed       0.0\n",
            "i_d               0.0\n",
            "i_q               0.0\n",
            "pm                0.0\n",
            "stator_yoke       0.0\n",
            "ambient           0.0\n",
            "torque            0.0\n",
            "dtype: float64\n",
            "                u_q       coolant  stator_winding           u_d  stator_tooth  \\\n",
            "count  1.330816e+06  1.330816e+06    1.330816e+06  1.330816e+06  1.330816e+06   \n",
            "mean   5.427900e+01  3.622999e+01    6.634275e+01 -2.513381e+01  5.687858e+01   \n",
            "std    4.417323e+01  2.178615e+01    2.867206e+01  6.309197e+01  2.295223e+01   \n",
            "min   -2.529093e+01  1.062375e+01    1.858582e+01 -1.315304e+02  1.813398e+01   \n",
            "25%    1.206992e+01  1.869814e+01    4.278796e+01 -7.869090e+01  3.841601e+01   \n",
            "50%    4.893818e+01  2.690014e+01    6.511013e+01 -7.429755e+00  5.603635e+01   \n",
            "75%    9.003439e+01  4.985749e+01    8.814114e+01  1.470271e+00  7.558668e+01   \n",
            "max    1.330370e+02  1.015985e+02    1.413629e+02  1.314698e+02  1.119464e+02   \n",
            "\n",
            "        motor_speed           i_d           i_q            pm   stator_yoke  \\\n",
            "count  1.330816e+06  1.330816e+06  1.330816e+06  1.330816e+06  1.330816e+06   \n",
            "mean   2.202081e+03 -6.871681e+01  3.741278e+01  5.850678e+01  4.818796e+01   \n",
            "std    1.859663e+03  6.493323e+01  9.218188e+01  1.900150e+01  1.999100e+01   \n",
            "min   -2.755491e+02 -2.780036e+02 -2.934268e+02  2.085696e+01  1.807669e+01   \n",
            "25%    3.171107e+02 -1.154061e+02  1.095863e+00  4.315158e+01  3.199033e+01   \n",
            "50%    1.999977e+03 -5.109376e+01  1.577401e+01  6.026629e+01  4.562551e+01   \n",
            "75%    3.760639e+03 -2.979688e+00  1.006121e+02  7.200837e+01  6.146083e+01   \n",
            "max    6.000015e+03  5.189670e-02  3.017079e+02  1.136066e+02  1.011480e+02   \n",
            "\n",
            "            ambient        torque  \n",
            "count  1.330816e+06  1.330816e+06  \n",
            "mean   2.456526e+01  3.110603e+01  \n",
            "std    1.929522e+00  7.713575e+01  \n",
            "min    8.783478e+00 -2.464667e+02  \n",
            "25%    2.318480e+01 -1.374265e-01  \n",
            "50%    2.479733e+01  1.086035e+01  \n",
            "75%    2.621702e+01  9.159718e+01  \n",
            "max    3.071420e+01  2.610057e+02  \n"
          ]
        }
      ],
      "source": [
        "summary = df.describe()\n",
        "print(df.dtypes)\n",
        "print(df.info())\n",
        "print(df.isnull().mean())\n",
        "print(summary)\n",
        "df = df.dropna()"
      ]
    },
    {
      "cell_type": "code",
      "execution_count": 71,
      "metadata": {
        "colab": {
          "base_uri": "https://localhost:8080/"
        },
        "id": "ypM9cPEsYL-6",
        "outputId": "235aebc3-5046-4415-8754-3c9ac66aa1b7"
      },
      "outputs": [
        {
          "name": "stdout",
          "output_type": "stream",
          "text": [
            "u_q               0.0\n",
            "coolant           0.0\n",
            "stator_winding    0.0\n",
            "u_d               0.0\n",
            "stator_tooth      0.0\n",
            "motor_speed       0.0\n",
            "i_d               0.0\n",
            "i_q               0.0\n",
            "pm                0.0\n",
            "stator_yoke       0.0\n",
            "ambient           0.0\n",
            "torque            0.0\n",
            "dtype: float64\n",
            "u_q               float64\n",
            "coolant           float64\n",
            "stator_winding    float64\n",
            "u_d               float64\n",
            "stator_tooth      float64\n",
            "motor_speed       float64\n",
            "i_d               float64\n",
            "i_q               float64\n",
            "pm                float64\n",
            "stator_yoke       float64\n",
            "ambient           float64\n",
            "torque            float64\n",
            "dtype: object\n",
            "<class 'pandas.core.frame.DataFrame'>\n",
            "RangeIndex: 1330816 entries, 0 to 1330815\n",
            "Data columns (total 12 columns):\n",
            " #   Column          Non-Null Count    Dtype  \n",
            "---  ------          --------------    -----  \n",
            " 0   u_q             1330816 non-null  float64\n",
            " 1   coolant         1330816 non-null  float64\n",
            " 2   stator_winding  1330816 non-null  float64\n",
            " 3   u_d             1330816 non-null  float64\n",
            " 4   stator_tooth    1330816 non-null  float64\n",
            " 5   motor_speed     1330816 non-null  float64\n",
            " 6   i_d             1330816 non-null  float64\n",
            " 7   i_q             1330816 non-null  float64\n",
            " 8   pm              1330816 non-null  float64\n",
            " 9   stator_yoke     1330816 non-null  float64\n",
            " 10  ambient         1330816 non-null  float64\n",
            " 11  torque          1330816 non-null  float64\n",
            "dtypes: float64(12)\n",
            "memory usage: 121.8 MB\n",
            "None\n",
            "u_q               0.0\n",
            "coolant           0.0\n",
            "stator_winding    0.0\n",
            "u_d               0.0\n",
            "stator_tooth      0.0\n",
            "motor_speed       0.0\n",
            "i_d               0.0\n",
            "i_q               0.0\n",
            "pm                0.0\n",
            "stator_yoke       0.0\n",
            "ambient           0.0\n",
            "torque            0.0\n",
            "dtype: float64\n",
            "                u_q       coolant  stator_winding           u_d  stator_tooth  \\\n",
            "count  1.330816e+06  1.330816e+06    1.330816e+06  1.330816e+06  1.330816e+06   \n",
            "mean   5.427900e+01  3.622999e+01    6.634275e+01 -2.513381e+01  5.687858e+01   \n",
            "std    4.417323e+01  2.178615e+01    2.867206e+01  6.309197e+01  2.295223e+01   \n",
            "min   -2.529093e+01  1.062375e+01    1.858582e+01 -1.315304e+02  1.813398e+01   \n",
            "25%    1.206992e+01  1.869814e+01    4.278796e+01 -7.869090e+01  3.841601e+01   \n",
            "50%    4.893818e+01  2.690014e+01    6.511013e+01 -7.429755e+00  5.603635e+01   \n",
            "75%    9.003439e+01  4.985749e+01    8.814114e+01  1.470271e+00  7.558668e+01   \n",
            "max    1.330370e+02  1.015985e+02    1.413629e+02  1.314698e+02  1.119464e+02   \n",
            "\n",
            "        motor_speed           i_d           i_q            pm   stator_yoke  \\\n",
            "count  1.330816e+06  1.330816e+06  1.330816e+06  1.330816e+06  1.330816e+06   \n",
            "mean   2.202081e+03 -6.871681e+01  3.741278e+01  5.850678e+01  4.818796e+01   \n",
            "std    1.859663e+03  6.493323e+01  9.218188e+01  1.900150e+01  1.999100e+01   \n",
            "min   -2.755491e+02 -2.780036e+02 -2.934268e+02  2.085696e+01  1.807669e+01   \n",
            "25%    3.171107e+02 -1.154061e+02  1.095863e+00  4.315158e+01  3.199033e+01   \n",
            "50%    1.999977e+03 -5.109376e+01  1.577401e+01  6.026629e+01  4.562551e+01   \n",
            "75%    3.760639e+03 -2.979688e+00  1.006121e+02  7.200837e+01  6.146083e+01   \n",
            "max    6.000015e+03  5.189670e-02  3.017079e+02  1.136066e+02  1.011480e+02   \n",
            "\n",
            "            ambient        torque  \n",
            "count  1.330816e+06  1.330816e+06  \n",
            "mean   2.456526e+01  3.110603e+01  \n",
            "std    1.929522e+00  7.713575e+01  \n",
            "min    8.783478e+00 -2.464667e+02  \n",
            "25%    2.318480e+01 -1.374265e-01  \n",
            "50%    2.479733e+01  1.086035e+01  \n",
            "75%    2.621702e+01  9.159718e+01  \n",
            "max    3.071420e+01  2.610057e+02  \n"
          ]
        }
      ],
      "source": [
        "print(df.isnull().mean())\n",
        "df['u_d'] = df['u_d'].astype(float)\n",
        "print(df.dtypes)\n",
        "print(df.info())\n",
        "print(df.isnull().mean())\n",
        "print(summary)"
      ]
    },
    {
      "cell_type": "code",
      "execution_count": 72,
      "metadata": {
        "colab": {
          "base_uri": "https://localhost:8080/",
          "height": 423
        },
        "id": "YfnQ_oOKZNeU",
        "outputId": "aa98441a-d4de-4612-aa76-549086f883ac"
      },
      "outputs": [
        {
          "data": {
            "text/html": [
              "<div>\n",
              "<style scoped>\n",
              "    .dataframe tbody tr th:only-of-type {\n",
              "        vertical-align: middle;\n",
              "    }\n",
              "\n",
              "    .dataframe tbody tr th {\n",
              "        vertical-align: top;\n",
              "    }\n",
              "\n",
              "    .dataframe thead th {\n",
              "        text-align: right;\n",
              "    }\n",
              "</style>\n",
              "<table border=\"1\" class=\"dataframe\">\n",
              "  <thead>\n",
              "    <tr style=\"text-align: right;\">\n",
              "      <th></th>\n",
              "      <th>u_q</th>\n",
              "      <th>coolant</th>\n",
              "      <th>stator_winding</th>\n",
              "      <th>u_d</th>\n",
              "      <th>stator_tooth</th>\n",
              "      <th>motor_speed</th>\n",
              "      <th>i_d</th>\n",
              "      <th>i_q</th>\n",
              "      <th>pm</th>\n",
              "      <th>stator_yoke</th>\n",
              "      <th>ambient</th>\n",
              "      <th>torque</th>\n",
              "    </tr>\n",
              "  </thead>\n",
              "  <tbody>\n",
              "    <tr>\n",
              "      <th>0</th>\n",
              "      <td>-1.238979</td>\n",
              "      <td>-0.799812</td>\n",
              "      <td>-1.648158</td>\n",
              "      <td>0.392820</td>\n",
              "      <td>-1.681117</td>\n",
              "      <td>-1.184128</td>\n",
              "      <td>1.058337</td>\n",
              "      <td>-0.405855</td>\n",
              "      <td>-1.786837</td>\n",
              "      <td>-1.494244</td>\n",
              "      <td>-2.443386</td>\n",
              "      <td>-0.400838</td>\n",
              "    </tr>\n",
              "    <tr>\n",
              "      <th>1</th>\n",
              "      <td>-1.236150</td>\n",
              "      <td>-0.799197</td>\n",
              "      <td>-1.647959</td>\n",
              "      <td>0.393521</td>\n",
              "      <td>-1.681047</td>\n",
              "      <td>-1.184129</td>\n",
              "      <td>1.058278</td>\n",
              "      <td>-0.405867</td>\n",
              "      <td>-1.787686</td>\n",
              "      <td>-1.494323</td>\n",
              "      <td>-2.443396</td>\n",
              "      <td>-0.400082</td>\n",
              "    </tr>\n",
              "    <tr>\n",
              "      <th>2</th>\n",
              "      <td>-1.238757</td>\n",
              "      <td>-0.798729</td>\n",
              "      <td>-1.648064</td>\n",
              "      <td>0.392464</td>\n",
              "      <td>-1.681078</td>\n",
              "      <td>-1.184128</td>\n",
              "      <td>1.058289</td>\n",
              "      <td>-0.405854</td>\n",
              "      <td>-1.787338</td>\n",
              "      <td>-1.493755</td>\n",
              "      <td>-2.443404</td>\n",
              "      <td>-0.400974</td>\n",
              "    </tr>\n",
              "    <tr>\n",
              "      <th>3</th>\n",
              "      <td>-1.236180</td>\n",
              "      <td>-0.798417</td>\n",
              "      <td>-1.648285</td>\n",
              "      <td>0.393356</td>\n",
              "      <td>-1.681146</td>\n",
              "      <td>-1.184126</td>\n",
              "      <td>1.058270</td>\n",
              "      <td>-0.405836</td>\n",
              "      <td>-1.786847</td>\n",
              "      <td>-1.493529</td>\n",
              "      <td>-2.443409</td>\n",
              "      <td>-0.400174</td>\n",
              "    </tr>\n",
              "    <tr>\n",
              "      <th>4</th>\n",
              "      <td>-1.239442</td>\n",
              "      <td>-0.797432</td>\n",
              "      <td>-1.648303</td>\n",
              "      <td>0.393101</td>\n",
              "      <td>-1.681195</td>\n",
              "      <td>-1.184127</td>\n",
              "      <td>1.057279</td>\n",
              "      <td>-0.405455</td>\n",
              "      <td>-1.786248</td>\n",
              "      <td>-1.493738</td>\n",
              "      <td>-2.443413</td>\n",
              "      <td>-0.400565</td>\n",
              "    </tr>\n",
              "    <tr>\n",
              "      <th>...</th>\n",
              "      <td>...</td>\n",
              "      <td>...</td>\n",
              "      <td>...</td>\n",
              "      <td>...</td>\n",
              "      <td>...</td>\n",
              "      <td>...</td>\n",
              "      <td>...</td>\n",
              "      <td>...</td>\n",
              "      <td>...</td>\n",
              "      <td>...</td>\n",
              "      <td>...</td>\n",
              "      <td>...</td>\n",
              "    </tr>\n",
              "    <tr>\n",
              "      <th>1330811</th>\n",
              "      <td>-1.277497</td>\n",
              "      <td>-0.252853</td>\n",
              "      <td>-0.734801</td>\n",
              "      <td>0.410918</td>\n",
              "      <td>-0.651102</td>\n",
              "      <td>-1.184129</td>\n",
              "      <td>1.027466</td>\n",
              "      <td>-0.393952</td>\n",
              "      <td>0.191617</td>\n",
              "      <td>-0.476927</td>\n",
              "      <td>-0.298612</td>\n",
              "      <td>-0.403264</td>\n",
              "    </tr>\n",
              "    <tr>\n",
              "      <th>1330812</th>\n",
              "      <td>-1.279909</td>\n",
              "      <td>-0.252853</td>\n",
              "      <td>-0.736038</td>\n",
              "      <td>0.410713</td>\n",
              "      <td>-0.653952</td>\n",
              "      <td>-1.184128</td>\n",
              "      <td>1.027461</td>\n",
              "      <td>-0.393952</td>\n",
              "      <td>0.191347</td>\n",
              "      <td>-0.476796</td>\n",
              "      <td>-0.308136</td>\n",
              "      <td>-0.403264</td>\n",
              "    </tr>\n",
              "    <tr>\n",
              "      <th>1330813</th>\n",
              "      <td>-1.277003</td>\n",
              "      <td>-0.252853</td>\n",
              "      <td>-0.736995</td>\n",
              "      <td>0.411126</td>\n",
              "      <td>-0.656745</td>\n",
              "      <td>-1.184128</td>\n",
              "      <td>1.027480</td>\n",
              "      <td>-0.393939</td>\n",
              "      <td>0.191122</td>\n",
              "      <td>-0.477067</td>\n",
              "      <td>-0.304750</td>\n",
              "      <td>-0.403264</td>\n",
              "    </tr>\n",
              "    <tr>\n",
              "      <th>1330814</th>\n",
              "      <td>-1.280131</td>\n",
              "      <td>-0.252852</td>\n",
              "      <td>-0.737626</td>\n",
              "      <td>0.410463</td>\n",
              "      <td>-0.658601</td>\n",
              "      <td>-1.184126</td>\n",
              "      <td>1.027453</td>\n",
              "      <td>-0.393972</td>\n",
              "      <td>0.190861</td>\n",
              "      <td>-0.476829</td>\n",
              "      <td>-0.292215</td>\n",
              "      <td>-0.403264</td>\n",
              "    </tr>\n",
              "    <tr>\n",
              "      <th>1330815</th>\n",
              "      <td>-1.276320</td>\n",
              "      <td>-0.252852</td>\n",
              "      <td>-0.739760</td>\n",
              "      <td>0.411164</td>\n",
              "      <td>-0.659797</td>\n",
              "      <td>-1.184127</td>\n",
              "      <td>1.027456</td>\n",
              "      <td>-0.393964</td>\n",
              "      <td>0.190756</td>\n",
              "      <td>-0.476594</td>\n",
              "      <td>-0.278688</td>\n",
              "      <td>-0.403264</td>\n",
              "    </tr>\n",
              "  </tbody>\n",
              "</table>\n",
              "<p>1330816 rows × 12 columns</p>\n",
              "</div>"
            ],
            "text/plain": [
              "              u_q   coolant  stator_winding       u_d  stator_tooth  \\\n",
              "0       -1.238979 -0.799812       -1.648158  0.392820     -1.681117   \n",
              "1       -1.236150 -0.799197       -1.647959  0.393521     -1.681047   \n",
              "2       -1.238757 -0.798729       -1.648064  0.392464     -1.681078   \n",
              "3       -1.236180 -0.798417       -1.648285  0.393356     -1.681146   \n",
              "4       -1.239442 -0.797432       -1.648303  0.393101     -1.681195   \n",
              "...           ...       ...             ...       ...           ...   \n",
              "1330811 -1.277497 -0.252853       -0.734801  0.410918     -0.651102   \n",
              "1330812 -1.279909 -0.252853       -0.736038  0.410713     -0.653952   \n",
              "1330813 -1.277003 -0.252853       -0.736995  0.411126     -0.656745   \n",
              "1330814 -1.280131 -0.252852       -0.737626  0.410463     -0.658601   \n",
              "1330815 -1.276320 -0.252852       -0.739760  0.411164     -0.659797   \n",
              "\n",
              "         motor_speed       i_d       i_q        pm  stator_yoke   ambient  \\\n",
              "0          -1.184128  1.058337 -0.405855 -1.786837    -1.494244 -2.443386   \n",
              "1          -1.184129  1.058278 -0.405867 -1.787686    -1.494323 -2.443396   \n",
              "2          -1.184128  1.058289 -0.405854 -1.787338    -1.493755 -2.443404   \n",
              "3          -1.184126  1.058270 -0.405836 -1.786847    -1.493529 -2.443409   \n",
              "4          -1.184127  1.057279 -0.405455 -1.786248    -1.493738 -2.443413   \n",
              "...              ...       ...       ...       ...          ...       ...   \n",
              "1330811    -1.184129  1.027466 -0.393952  0.191617    -0.476927 -0.298612   \n",
              "1330812    -1.184128  1.027461 -0.393952  0.191347    -0.476796 -0.308136   \n",
              "1330813    -1.184128  1.027480 -0.393939  0.191122    -0.477067 -0.304750   \n",
              "1330814    -1.184126  1.027453 -0.393972  0.190861    -0.476829 -0.292215   \n",
              "1330815    -1.184127  1.027456 -0.393964  0.190756    -0.476594 -0.278688   \n",
              "\n",
              "           torque  \n",
              "0       -0.400838  \n",
              "1       -0.400082  \n",
              "2       -0.400974  \n",
              "3       -0.400174  \n",
              "4       -0.400565  \n",
              "...           ...  \n",
              "1330811 -0.403264  \n",
              "1330812 -0.403264  \n",
              "1330813 -0.403264  \n",
              "1330814 -0.403264  \n",
              "1330815 -0.403264  \n",
              "\n",
              "[1330816 rows x 12 columns]"
            ]
          },
          "execution_count": 72,
          "metadata": {},
          "output_type": "execute_result"
        }
      ],
      "source": [
        "scaler = StandardScaler()\n",
        "df = pd.DataFrame(scaler.fit_transform(df), columns=df.columns)\n",
        "\n",
        "df"
      ]
    },
    {
      "cell_type": "code",
      "execution_count": 73,
      "metadata": {
        "id": "BWJuFxodVb2t"
      },
      "outputs": [],
      "source": [
        "y = df['stator_tooth'].copy()\n",
        "X = df.drop('stator_tooth', axis=1)"
      ]
    },
    {
      "cell_type": "code",
      "execution_count": 74,
      "metadata": {
        "colab": {
          "base_uri": "https://localhost:8080/"
        },
        "id": "Cuj6737CTztp",
        "outputId": "f4945ee1-aa62-461e-b414-ed7cc1b50116"
      },
      "outputs": [
        {
          "name": "stdout",
          "output_type": "stream",
          "text": [
            "u_q               1.000001\n",
            "coolant           1.000001\n",
            "stator_winding    1.000001\n",
            "u_d               1.000001\n",
            "stator_tooth      1.000001\n",
            "motor_speed       1.000001\n",
            "i_d               1.000001\n",
            "i_q               1.000001\n",
            "pm                1.000001\n",
            "stator_yoke       1.000001\n",
            "ambient           1.000001\n",
            "torque            1.000001\n",
            "dtype: float64\n",
            "                     u_q   coolant  stator_winding       u_d  stator_tooth  \\\n",
            "u_q             1.000001  0.051721        0.050610  0.004702      0.104373   \n",
            "coolant         0.051721  1.000001        0.504836  0.195517      0.674974   \n",
            "stator_winding  0.050610  0.504836        1.000001 -0.234950      0.970135   \n",
            "u_d             0.004702  0.195517       -0.234950  1.000001     -0.142750   \n",
            "stator_tooth    0.104373  0.674974        0.970135 -0.142750      1.000001   \n",
            "motor_speed     0.683557  0.011872        0.432034 -0.288472      0.398431   \n",
            "i_d            -0.100357  0.074865       -0.624370  0.448331     -0.487062   \n",
            "i_q            -0.124589 -0.256389        0.065617 -0.723069     -0.042294   \n",
            "pm              0.122365  0.467118        0.795893 -0.172031      0.832085   \n",
            "stator_yoke     0.090992  0.860751        0.860269 -0.008098      0.953115   \n",
            "ambient         0.150264  0.525964        0.333209  0.203647      0.443470   \n",
            "torque         -0.136215 -0.257983        0.095510 -0.753780     -0.018413   \n",
            "\n",
            "                motor_speed       i_d       i_q        pm  stator_yoke  \\\n",
            "u_q                0.683557 -0.100357 -0.124589  0.122365     0.090992   \n",
            "coolant            0.011872  0.074865 -0.256389  0.467118     0.860751   \n",
            "stator_winding     0.432034 -0.624370  0.065617  0.795893     0.860269   \n",
            "u_d               -0.288472  0.448331 -0.723069 -0.172031    -0.008098   \n",
            "stator_tooth       0.398431 -0.487062 -0.042294  0.832085     0.953115   \n",
            "motor_speed        1.000001 -0.700609 -0.068881  0.458947     0.255790   \n",
            "i_d               -0.700609  1.000001 -0.231345 -0.427737    -0.278005   \n",
            "i_q               -0.068881 -0.231345  1.000001 -0.142416    -0.131466   \n",
            "pm                 0.458947 -0.427737 -0.142416  1.000001     0.756685   \n",
            "stator_yoke        0.255790 -0.278005 -0.131466  0.756685     1.000001   \n",
            "ambient            0.118232  0.016397 -0.314044  0.513728     0.520382   \n",
            "torque            -0.043903 -0.274097  0.996458 -0.117138    -0.117118   \n",
            "\n",
            "                 ambient    torque  \n",
            "u_q             0.150264 -0.136215  \n",
            "coolant         0.525964 -0.257983  \n",
            "stator_winding  0.333209  0.095510  \n",
            "u_d             0.203647 -0.753780  \n",
            "stator_tooth    0.443470 -0.018413  \n",
            "motor_speed     0.118232 -0.043903  \n",
            "i_d             0.016397 -0.274097  \n",
            "i_q            -0.314044  0.996458  \n",
            "pm              0.513728 -0.117138  \n",
            "stator_yoke     0.520382 -0.117118  \n",
            "ambient         1.000001 -0.315747  \n",
            "torque         -0.315747  1.000001  \n"
          ]
        }
      ],
      "source": [
        "variance = df.var()\n",
        "covariance_matrix = df.cov()\n",
        "print(variance)\n",
        "print(covariance_matrix)"
      ]
    },
    {
      "cell_type": "code",
      "execution_count": null,
      "metadata": {
        "colab": {
          "base_uri": "https://localhost:8080/"
        },
        "id": "Q_KDI466jKih",
        "outputId": "f6067cc4-f17a-46c9-e3d5-557d0f432d52"
      },
      "outputs": [
        {
          "name": "stdout",
          "output_type": "stream",
          "text": [
            "[[ 1330816.            68831.12908727    67352.36683323     6257.17648559\n",
            "    138901.57141564   909687.27528114  -133556.6752792   -165805.20962894\n",
            "    162844.82125937   121093.64167976   199974.13903008  -181276.97784972]\n",
            " [   68831.12908727  1330816.           671842.74425538   260197.16329733\n",
            "    898265.65405211    15799.88436394    99631.27177258  -341206.53760634\n",
            "    621647.20231269  1145500.2510186    699960.35319472  -343327.10707332]\n",
            " [   67352.36683323   671842.74425538  1330816.          -312675.4904811\n",
            "   1291070.80317821   574957.6245841   -830921.0896722     87324.36354804\n",
            "   1059186.49127302  1144858.89270029   443438.95574593   127106.08300265]\n",
            " [    6257.17648559   260197.16329733  -312675.4904811   1330816.\n",
            "   -189973.30258497  -383903.14800387   596645.76965377  -962271.70078658\n",
            "   -228941.05200618   -10776.88465631   271017.1309944  -1003141.16738102]\n",
            " [  138901.57141564   898265.65405211  1291070.80317821  -189973.30258497\n",
            "   1330816.00000001   530238.01505876  -648190.01620409   -56284.94571541\n",
            "   1107350.57023943  1268420.07215132   590176.58107704   -24504.35228747]\n",
            " [  909687.27528114    15799.88436394   574957.6245841   -383903.14800387\n",
            "    530238.01505876  1330816.          -932381.00452002   -91667.30516688\n",
            "    610774.11562238   340409.25385185   157345.22124242   -58426.2279003 ]\n",
            " [ -133556.6752792     99631.27177258  -830921.0896722    596645.76965377\n",
            "   -648190.01620409  -932381.00452002  1330816.          -307876.80482184\n",
            "   -569238.21110247  -369973.18548689    21821.13712044  -364773.03992785]\n",
            " [ -165805.20962894  -341206.53760634    87324.36354804  -962271.70078658\n",
            "    -56284.94571541   -91667.30516688  -307876.80482184  1330815.99999999\n",
            "   -189529.7619305   -174956.97795715  -417934.48307097  1326101.26727337]\n",
            " [  162844.82125937   621647.20231269  1059186.49127302  -228941.05200618\n",
            "   1107350.57023943   610774.11562238  -569238.21110247  -189529.7619305\n",
            "   1330816.          1007007.54250512   683677.25043196  -155889.31284514]\n",
            " [  121093.64167976  1145500.2510186   1144858.89270029   -10776.88465631\n",
            "   1268420.07215132   340409.25385185  -369973.18548689  -174956.97795715\n",
            "   1007007.54250512  1330816.           692532.1503865   -155863.03330904]\n",
            " [  199974.13903008   699960.35319472   443438.95574593   271017.1309944\n",
            "    590176.58107704   157345.22124242    21821.13712044  -417934.48307097\n",
            "    683677.25043196   692532.1503865   1330816.          -420201.25668566]\n",
            " [ -181276.97784972  -343327.10707332   127106.08300265 -1003141.16738102\n",
            "    -24504.35228747   -58426.2279003   -364773.03992785  1326101.26727337\n",
            "   -155889.31284514  -155863.03330904  -420201.25668566  1330815.99999997]]\n",
            "[[ 1.00000075  0.05172103  0.05060986  0.00470176  0.10437331  0.68355652\n",
            "  -0.10035706 -0.12458923  0.12236473  0.09099209  0.15026442 -0.13621501]\n",
            " [ 0.05172103  1.00000075  0.50483557  0.19551716  0.6749741   0.01187234\n",
            "   0.07486485 -0.25638916  0.46711767  0.86075093  0.52596368 -0.25798259]\n",
            " [ 0.05060986  0.50483557  1.00000075 -0.23495038  0.97013545  0.43203422\n",
            "  -0.6243701   0.06561721  0.79589311  0.860269    0.33320856  0.09550996]\n",
            " [ 0.00470176  0.19551716 -0.23495038  1.00000075 -0.1427496  -0.28847221\n",
            "   0.44833111 -0.72306947 -0.17203071 -0.00809796  0.20364749 -0.75377958]\n",
            " [ 0.10437331  0.6749741   0.97013545 -0.1427496   1.00000075  0.39843105\n",
            "  -0.48706245 -0.04229359  0.83208453  0.95311525  0.44347004 -0.01841304]\n",
            " [ 0.68355652  0.01187234  0.43203422 -0.28847221  0.39843105  1.00000075\n",
            "  -0.70060903 -0.06888058  0.45894742  0.25579006  0.11823223 -0.04390259]\n",
            " [-0.10035706  0.07486485 -0.6243701   0.44833111 -0.48706245 -0.70060903\n",
            "   1.00000075 -0.23134456 -0.42773655 -0.27800497  0.01639682 -0.27409748]\n",
            " [-0.12458923 -0.25638916  0.06561721 -0.72306947 -0.04229359 -0.06888058\n",
            "  -0.23134456  1.00000075 -0.14241631 -0.13146604 -0.31404401  0.99645801]\n",
            " [ 0.12236473  0.46711767  0.79589311 -0.17203071  0.83208453  0.45894742\n",
            "  -0.42773655 -0.14241631  1.00000075  0.75668485  0.51372824 -0.11713823]\n",
            " [ 0.09099209  0.86075093  0.860269   -0.00809796  0.95311525  0.25579006\n",
            "  -0.27800497 -0.13146604  0.75668485  1.00000075  0.52038198 -0.11711848]\n",
            " [ 0.15026442  0.52596368  0.33320856  0.20364749  0.44347004  0.11823223\n",
            "   0.01639682 -0.31404401  0.51372824  0.52038198  1.00000075 -0.31574731]\n",
            " [-0.13621501 -0.25798259  0.09550996 -0.75377958 -0.01841304 -0.04390259\n",
            "  -0.27409748  0.99645801 -0.11713823 -0.11711848 -0.31574731  1.00000075]]\n",
            "                     u_q   coolant  stator_winding       u_d  stator_tooth  \\\n",
            "u_q             1.000000  0.051721        0.050610  0.004702      0.104373   \n",
            "coolant         0.051721  1.000000        0.504835  0.195517      0.674974   \n",
            "stator_winding  0.050610  0.504835        1.000000 -0.234950      0.970135   \n",
            "u_d             0.004702  0.195517       -0.234950  1.000000     -0.142749   \n",
            "stator_tooth    0.104373  0.674974        0.970135 -0.142749      1.000000   \n",
            "motor_speed     0.683556  0.011872        0.432034 -0.288472      0.398431   \n",
            "i_d            -0.100357  0.074865       -0.624370  0.448331     -0.487062   \n",
            "i_q            -0.124589 -0.256389        0.065617 -0.723069     -0.042294   \n",
            "pm              0.122365  0.467117        0.795893 -0.172031      0.832084   \n",
            "stator_yoke     0.090992  0.860750        0.860268 -0.008098      0.953115   \n",
            "ambient         0.150264  0.525963        0.333208  0.203647      0.443470   \n",
            "torque         -0.136215 -0.257982        0.095510 -0.753779     -0.018413   \n",
            "\n",
            "                motor_speed       i_d       i_q        pm  stator_yoke  \\\n",
            "u_q                0.683556 -0.100357 -0.124589  0.122365     0.090992   \n",
            "coolant            0.011872  0.074865 -0.256389  0.467117     0.860750   \n",
            "stator_winding     0.432034 -0.624370  0.065617  0.795893     0.860268   \n",
            "u_d               -0.288472  0.448331 -0.723069 -0.172031    -0.008098   \n",
            "stator_tooth       0.398431 -0.487062 -0.042294  0.832084     0.953115   \n",
            "motor_speed        1.000000 -0.700609 -0.068881  0.458947     0.255790   \n",
